RobotSpeed=100
HomeSpeed=20
WaferOnSpeed=100
WaferOffSpeed=100
ZUpSpeed=10
ZDownSpeed=10
JogSpeed=46
MappingSpeed=30
PfFastJ=100,0,100,100,0.200000002980232,0.200000002980232,0,-0.999999977648258
PfFastC=100,0,100,100,0.200000002980232,0.200000002980232,-1,-0.999999977648258
PfSlowJ=100,0,100,100,0.200000002980232,0.200000002980232,0,-0.999999977648258
PfSlowC=100,0,100,100,0.200000002980232,0.200000002980232,-1,-0.999999977648258
PfZUp=10.0000001490116,0,100,100,0.200000002980232,0.200000002980232,0,-0.999999977648258
PfZDown=10.0000001490116,0,100,100,0.200000002980232,0.200000002980232,0,-0.999999977648258
PfZMap=30.0000011920929,0,100,100,0.200000002980232,0.200000002980232,0,-0.999999977648258
PfHomeJ=20.0000002980232,0,100,100,0.200000002980232,0.200000002980232,0,-0.999999977648258
PfHomeC=20.0000002980232,0,100,100,0.200000002980232,0.200000002980232,-1,-0.999999977648258
